kRLm=0.01;
kRL=0.00000000000000000332;
kRdo=0.0004;
kRs=4;
kRD1=0.004;
kG1=1;
kGa=0.00001;
kGd=0.11;
G=7000;
Gd=3000;
Ga=0;
RL=0;
L=602200000000000000;
R=10000;
Gbg=3000;
reacao1, kRLm: L + R ->RL;
reacao2, kRL: RL -> R + L;
reacao3, kRdo: R ->;
reacao4, kRs: ->R;
reacao5, kRD1: RL ->;
reacao6, kG1: Gd + Gbg ->G;
reacao7, kGa: G + RL -> Ga + Gbg + RL;
reacao8, kGd: Ga -> Gd;